[layout]

0,0,0,0,0,0,0,0,0,0,0,0,0,0,0,0
0,1,1,1,1,1,0,1,1,1,0,1,1,1,1,0
0,1,1,0,1,1,0,1,1,1,0,1,1,1,1,0
0,1,1,0,1,1,0,1,1,1,1,1,1,1,1,0
0,1,1,0,1,1,0,1,1,1,0,1,1,1,1,0
0,1,1,0,1,1,0,1,1,1,0,1,1,1,1,0
0,1,1,0,1,1,0,1,1,1,0,1,1,1,1,0
0,1,1,0,1,1,0,1,1,1,0,1,1,1,1,0
0,1,1,0,1,1,0,1,1,1,1,1,1,1,1,0
0,1,1,0,1,1,0,1,1,1,0,1,1,1,1,0
0,1,1,0,1,1,1,1,1,1,0,1,1,1,1,0
0,0,0,0,0,0,0,0,0,0,0,0,0,0,0,0

[entity]
p_,1,14
patrol,goblin,5,1,1,1
patrol,goblin,9,14,4,14
stationary,archer,14,3,1
stationary,archer,14,8,1
